612

'Pl-ieet, Bischof Peter 1501-15463 5. 111.
148. - coadjutor S. Rieoius.

—-, Stadt 26. 300. 301. 335.

Triphone, messer 561.

Trivulzio‚ AgostinO, Cardinal 151 7, † 1548 3
Legat nach Frankreioh 1536: 74. 78.
324. 466. 468.

Tiibingen (Tubinga)‚ stadt (Festung) in
Wiirtemberg 220. 251. 252. 260.

Tiirken‚ Tiirkei, Pforte (la Porta del
Signore), Tiirkeufrage‚ Tiirkenfrieden,
Tiirkenabwehr 13. 31. 39. 43. 44. 45.
46. 57. 60. 67. 80. 81. 86. 93. 94. 95.
97. 98. 99. 101. 102. 104. 110. 114.
118. 121. 122. 123. 124. 125. 126. 132.
133. 134. 135. 136. 149. 162. 164. 165.
166. 168. 169. 173. 175. 176. 177. 178.
181. 183. 189. 191. 192. 200. 206. 207.
210. 219. 220 225. 227. 228. 229. 235.
248. 252. 272. 273. 274. 275. 277. 278.
279. 281. 282. 283. 284. 287. 288. 290.
292. 297. 306. 308. 310 324. 325. 326.
338. 355. 362. 389. 398. 416. 418. 419.
431. 442. 446. 467. 473. 474. 492. 493.
513. 559. 568. 569. 570. 574. 575. 576.
577. 578.

-, Sultan Suleiman der Priichtige [il
Gran Signore‚ Signor Tul-co) 1520-1566:
44. 45. 59. 86. 98. 110. 111. 121. 122.
123. 125. 132. 190. 193. 206. 251. 253.
289. 290. 292. 304. 340. 442. 443. 450.
452. 578. -· Grossvezier s, lbrahim. —
Gesandte 59. 81. 82. 83. 339. 340.
377. 407. 418. 442. 450. 493ς vgl.
Mumin.

Tunis 55. 63. 382. 428. 429. 442. 446.
463. 466. 467. 473. 474. 493. -- Κὸυἱς,
Muley Hassan (re di Tunisi) 292. -
Reieh (regno) 462.

Τιιτίιι 53. 324. 327. 342. 351. 362.

'Fut-zo, Alexim, Statthalter K. Perdinands
in Ungarn 377. 552.

U.

Udenheim s. Utenheim.
Ueberlingeu (Ubirlingen) am Bodensoe
371.

Alphabetisehes Register der Orta- und Pereonon-Nnmen.

Ulm 371. 391. 570. 571. - Gesandter
in Wien 3413 zum Sobmalkaldener
Bundeetage 557.

Ungarn, Ungarische Frage, Ungafiseher
Frieden 7. 19. 30. 31. 38. 39. 44. 45.
46. 59. 60. 73. 74. 85. 86. 93. 94. 104.
110. 112. 113. 114. 117. 118. 121. 122.
123. 125. 129. 132. 133. 134. 135. 136.
139. 144. 145. 163. 172. 174. 184. 185.
189. 190. 193. 203. 205. 206. 207. 218.
226. 227. 239. 240. 246. 250. 251. 252.
253. 262. 267. 270. 274. 275. 276. 277.
278. 284. 286. 287. 288. 289. 292. 294.
297. 299. 300. 305. 306. 307. 308. 310.
3.11 314. 316. 317. 319. 320. 324. 326.
334. 335. 336. 337. 338. 339. 341. 342.
343. 344. 352. 353. 354. 361. 377. 380.
398. 402. 405. 406. 407. 408. 409. 410.
414. 416. 417. 418. 419. 420. 421. 422.
429. 430. 431. 434. 436. 438. 441. 442.
443. 444. 445. 446. 448. 449. 459. 451.
452. 453. 466. 468. 492. 552. 553. 554.
555. 556. 557. 558. 559. 560. 566. 568.
569. 570. 571. 574. 576. 577. 578. -—
Nuntio d'Ungheria (d. i. vergerio)
223.

-., Κόιιίς 431. —- Koniginnen 186.

-—‚ Konig Ludwig 1516-1526; 104. 398.

-, Konigin Maria, dassen Gemahlin
(Wittwe), Schwester Kaine-r Karia V„
Statthalterin der Nioderlande 46. 85.
238. 306. 307. 336. 346. 361. 378. 406.
407. 458. 460. 492. 507. 516. 517. 518.
522. 524. 576.

-‚ Woivode (Konig)‚ Johann Zapolya
(1526-1540): 44. 46. 59. 60. 73. 74.
93. 94. 97. 98. 112. 113. 114. 115.
118. 121. 122. 123. 125. 136. 218. 223.
225. 227. 249. 250. 252. 275. 299. 302.
304. 305. 307. 311. 314. 316. 317. 319.
320. 326. 334. 335. 336. 337. 338. 339.
340. 343. 353. 354. 358. 361. 377. 378.
380. 398. 405. 406. 407. 408. 409. 410.
417. 418. 419. 420. 429. 430. 431. 434.
435. 441. 442. 443. 444. 446. 448. 449.
450. 451. 452. 492. 493. 554. 556. 559.
566. 568. 570. 574. 575. - Θωαῃόῐβ,
Unterhiindler 252. 435. 439. 441. 445.

 

